positions = [ -0.10729300870802366 -0.10324962236543668 -0.10330138233192773 -0.014830478259363735 -0.10850420373129623 -0.10862409520620078 0.0583681539370159 -0.11774596462866015 -0.12112859631117515 0.13143315273776102 -0.12733553374663953 -0.13393813709320201 -0.10030128536391617 1.2135480350551189E-4 -0.10048011746329348 -0.01198460143094322 -0.0021471949539982895 -0.1071457378394656 0.07601252187119242 -0.006418705448777796 -0.11625224838343913 0.1575839287319089 -0.023897540374940195 -0.137085807737935 -0.10351696917620258 0.10182440088655091 -0.10164843606303489 -0.007066948724183018 0.10411188394349938 -0.1037073823728619 0.08917634550844684 0.09312202803859441 -0.11606637533055995 0.1845122327184652 0.07958997557164658 -0.13213647927037223 -0.10024746740447954 -0.1002727459649132 7.53909778110489E-5 -0.008353877369132338 -0.10486426590695966 -0.004244960370722903 0.08322426085789027 -0.11171878274739076 -0.011257416794530187 0.17319081803268785 -0.12249337445433567 -0.03647466712897215 -0.1004874538388633 -7.660199337722253E-5 -2.2706939913328346E-4 -0.001002932140968874 -0.001802258914842444 -0.0026989842751950163 0.09479052361494013 -0.011115544407092056 -0.01662779295503507 0.1896279732941482 -0.023209317293764273 -0.03454713850064339 -0.10001670285126395 0.1001182589766129 2.7116985265136434E-5 0.002678577012031244 0.09641996586728492 -0.0054191929988696924 0.10489675317859391 0.0897088734320038 -0.015375284632924419 0.20170233221159412 0.07658227712895765 -0.033547026682549067 -0.10104531989315567 -0.1005486105942705 0.10044957791962304 -0.0020951605859925 -0.10150036916481688 0.10013276031843556 0.0980806493397745 -0.10995247458983418 0.08573178693165781 0.19706848047799327 -0.12184690554711015 0.06626732189927015 -0.09996436783223192 1.1031037231425972E-4 0.1000235927306674 0.0045882927159662315 -0.0035666461697600087 0.09417675069914955 0.10868246433631619 -0.010194013394730228 0.08384592956883159 0.20613377105182132 -0.022905468194819822 0.06464590154178997 -0.09593233190054858 0.09808698975271128 0.09780467757011983 0.008003975683783214 0.09457068030504458 0.0932573538528754 0.11269036041547223 0.08702979489037253 0.08145776955530314 0.21664190812100279 0.07590279327019032 0.06548646609494803 ]
activations = [ 0.4 0.2 0.0 0.0 0.0 0.0 0.0 0.0 0.0 ]
